0.1        1.0000    
0.15       1.0000    
0.2        1.0000    
0.25       1.0000    
0.3        1.0000    
0.35       1.0000    
0.4        1.0000    
0.45       1.0000    
0.5        1.0000    
0.55       1.0000    
0.6        1.0000    
0.65       0.9981    
0.7        0.9983    
0.75       0.9967    
0.8        0.9956    
0.85       0.9958    
0.9        0.9960    
0.95       0.9937    
1.0        0.9952    
1.05       0.9954    
1.1        0.9956    
1.15       0.9948    
1.2        0.9940    
1.25       0.9913    
1.3        0.9898    
1.35       0.9873    
1.4        0.9860    
1.45       0.9831    
1.5        0.9844    
1.55       0.9801    
1.6        0.9785    
1.65       0.9745    
1.7        0.9745    
1.75       0.9694    
1.8        0.9689    
1.85       0.9690    
1.9        0.9640    
1.95       0.9631    
2.0        0.9611    
2.05       0.9538    
2.1        0.9520    
2.15       0.9524    
2.2        0.9484    
2.25       0.9459    
2.3        0.9445    
2.35       0.9442    
2.4        0.9430    
2.45       0.9428    
2.5        0.9406    
2.55       0.9382    
2.6        0.9380    
2.65       0.9386    
2.7        0.9347    
2.75       0.9349    
2.8        0.9300    
2.85       0.9251    
2.9        0.9201    
2.95       0.9204    
3.0        0.9178    
3.05       0.9172    
3.1        0.9158    
3.15       0.9116    
3.2        0.9072    
3.25       0.9032    
3.3        0.9004    
3.35       0.8950    
3.4        0.8982    
3.45       0.8974    
3.5        0.8934    
3.55       0.8926    
3.6        0.8876    
3.65       0.8877    
3.7        0.8856    
3.75       0.8864    
3.8        0.8828    
3.85       0.8800    
3.9        0.8755    
3.95       0.8690    
4.0        0.8674    
4.05       0.8605    
4.1        0.8649    
4.15       0.8603    
4.2        0.8622    
4.25       0.8642    
4.3        0.8633    
4.35       0.8619    
4.4        0.8596    
4.45       0.8568    
4.5        0.8480    
4.55       0.8565    
4.6        0.8526    
4.65       0.8493    
4.7        0.8479    
4.75       0.8513    
4.8        0.8469    
4.85       0.8435    
4.9        0.8446    
4.95       0.8459    
5.0        0.8411    

5.0        0.8411    
5.05       0.8386    
5.1        0.8360    
5.15       0.8378    
5.2        0.8297    
5.25       0.8264    
5.3        0.8244    
5.35       0.8250    
5.4        0.8208    
5.45       0.8224    
5.5        0.8188    
5.55       0.8152    
5.6        0.8137    
5.65       0.8197    
5.7        0.8139